-5.360131614202178207e-01 -4.710020165286180061e-01 6.790988716890768162e-02
-5.360170277196210087e-01 -4.710004474751315895e-01 1.207797122792067107e-01
-5.360098824501797754e-01 -4.709975413484207007e-01 1.736819389042639217e-01
-5.359669184655457830e-01 -4.709758087532044390e-01 2.265099337574149607e-01
-5.360062941961813987e-01 -4.709959580314304062e-01 2.794378873210096592e-01
-5.360061517467255010e-01 -4.709791353354307319e-01 3.323281399867598629e-01
-5.359760513125335635e-01 -4.709887955694295747e-01 3.852049687353572560e-01
-5.359614968110396616e-01 -4.710169869677199861e-01 4.381130734342012500e-01
-5.359935702234205346e-01 -4.709891165500863508e-01 4.909867284689722333e-01
-4.842226162338457152e-01 -4.709985979477870344e-01 1.501757924711825953e-02
-4.841862208879587071e-01 -4.709870052838560084e-01 6.787829174163077794e-02
-4.841766208219048240e-01 -4.709731612293505676e-01 1.207597877669113057e-01
-4.841736949095436504e-01 -4.709601508503769018e-01 1.736133020800228466e-01
-4.841754050276272925e-01 -4.710191168901013969e-01 2.265422248812270500e-01
-4.841910620432699486e-01 -4.709933472320900760e-01 2.794335659860686660e-01
-4.841879884176897297e-01 -4.709858241436991055e-01 3.323287509683162666e-01
-4.841885105156842894e-01 -4.709883273012555049e-01 3.852076172131624343e-01
-4.841985361007616340e-01 -4.709844684652206293e-01 4.380880540161891656e-01
-4.842098842105233558e-01 -4.710024724429861531e-01 4.909968985553800902e-01
-4.324017398069628926e-01 -4.710018089948335152e-01 1.500737935610996221e-02
-4.324476538279635740e-01 -4.709986227829689454e-01 6.791801341267815484e-02
-4.324124161143620970e-01 -4.709969199504979165e-01 1.207930854074870247e-01
-4.323678765365912002e-01 -4.709909411052992656e-01 1.736256863372662718e-01
-4.324123756474266833e-01 -4.709742837127809389e-01 2.265465145971625738e-01
-4.323692062827639293e-01 -4.709765178278956799e-01 2.793995411328829004e-01
-4.324014853737772612e-01 -4.709889317396115382e-01 3.323126804927186151e-01
-4.324064690173407000e-01 -4.709782649121252440e-01 3.851830835286009780e-01
-4.324048365426603757e-01 -4.709939886148826749e-01 4.380885711868302557e-01
-4.324091798099635175e-01 -4.710052532052336205e-01 4.909953364199581283e-01
-3.805851677707097203e-01 -4.709774086121474856e-01 1.497724375098259675e-02
-3.805859727355311306e-01 -4.709746378421952318e-01 6.786605637595562179e-02
-3.806089883113232264e-01 -4.710115324535261716e-01 1.207792375148308978e-01
-3.805941857411568319e-01 -4.709807998359304970e-01 1.736489230473445833e-01
-3.805980148158017995e-01 -4.709933339619782333e-01 2.265552110070550018e-01
-3.806016589313963583e-01 -4.710025299607831784e-01 2.794413642778975637e-01
-3.805795410034252813e-01 -4.710096837841103445e-01 3.323434320627974836e-01
-3.805923747188663109e-01 -4.710005001345393127e-01 3.851937956071842528e-01
-3.805920227987450444e-01 -4.709933974855196603e-01 4.380949029140071005e-01
-3.805981802596118957e-01 -4.710144399174384100e-01 4.910005031387674190e-01
-3.287933835251564685e-01 -4.709810252386811835e-01 1.499326302321021820e-02
-3.288142311420607644e-01 -4.709869045454183056e-01 6.787609577096027913e-02
-3.287807441970484468e-01 -4.709770766412030851e-01 1.207718503916628688e-01
-3.288010326558639673e-01 -4.709831451617625953e-01 1.736676943396483486e-01
-3.287782160934265008e-01 -4.709835848485047216e-01 2.265237441101256022e-01
-3.287981051545195155e-01 -4.710018536822704327e-01 2.794343157128646449e-01
-3.287805809417958525e-01 -4.710051149059804043e-01 3.323181254740162349e-01
-3.288043605421347437e-01 -4.710143526724561713e-01 3.852122051637819067e-01
-3.287989240779900513e-01 -4.709980642708449516e-01 4.380992654944836362e-01
-3.288010273909314218e-01 -4.710026407464545928e-01 4.909861242817846749e-01
-2.769801137969328253e-01 -4.710014251357070303e-01 1.498882648937015227e-02
-2.769908258472371099e-01 -4.709902962684447969e-01 6.788652006750760248e-02
-2.769886296676059567e-01 -4.710042530379943138e-01 1.207691626599616402e-01
-2.769907499067212342e-01 -4.710050948046006769e-01 1.736661187737674195e-01
-2.769892251737934852e-01 -4.709923692320689970e-01 2.265518845608158194e-01
-2.769814088338789504e-01 -4.709856464923804498e-01 2.794193380800119586e-01
-2.770056959197638169e-01 -4.709764220531754142e-01 3.322958367156845783e-01
-2.769724991380839718e-01 -4.709981660518921531e-01 3.852082747396461948e-01
-2.770144104014408137e-01 -4.709892392387864390e-01 4.380986134799667031e-01
-2.770106822387107259e-01 -4.709816221484124377e-01 4.909792974533077059e-01
-5.360028391644301449e-01 -4.196045473073026222e-01 1.501112752106109616e-02
-5.360082830877660465e-01 -4.196200640437974250e-01 6.790390017643598009e-02
-5.359957102773542648e-01 -4.195811261333205477e-01 1.207675014578993428e-01
-5.359681827871355386e-01 -4.196059073464891154e-01 1.736466830171308762e-01
-5.359942113257268881e-01 -4.196167965764363572e-01 2.265602125171320425e-01
-5.359794326638724904e-01 -4.196001609941747423e-01 2.794298159822615202e-01
-5.359769959213699364e-01 -4.195856601395262508e-01 3.323284408792831490e-01
-5.360014970499997755e-01 -4.195796795109771327e-01 3.852108316362314877e-01
-5.359771531922363774e-01 -4.195996516146672239e-01 4.380796044328704730e-01
-5.360036465729498545e-01 -4.195973077898585424e-01 4.909990116146933925e-01
-4.842281780787763279e-01 -4.195938493613140530e-01 1.501442597208320351e-02
-4.841963734996226898e-01 -4.196233711092592356e-01 6.789450664540795655e-02
-4.842126617603627614e-01 -4.196000396783438058e-01 1.207817876094397086e-01
-4.841545311860939171e-01 -4.196110114838628724e-01 1.736452216108521074e-01
-4.841917491143776786e-01 -4.195885106121052255e-01 2.265525945325144730e-01
-4.841919679182662417e-01 -4.195954757807330848e-01 2.794442931634424920e-01
-4.842010130599574413e-01 -4.195912351341390401e-01 3.323358573936637250e-01
-4.841805361010215192e-01 -4.196122924474406934e-01 3.852055670910048413e-01
-4.841928684005766259e-01 -4.195876396666683994e-01 4.381245645239607023e-01
-4.841945496333219801e-01 -4.195947190658671500e-01 4.909954952667642814e-01
-4.323943418210643985e-01 -4.195821602757138780e-01 1.500895216721490066e-02
-4.323877542838958088e-01 -4.196132598192194862e-01 6.788512623143309888e-02
-4.323753304607621528e-01 -4.195964774123568941e-01 1.207535276759224979e-01
-4.323994836876924874e-01 -4.195920989391663247e-01 1.736587082114303682e-01
-4.323807109948041849e-01 -4.196086998152629421e-01 2.265312194817175606e-01
-4.323931860599852794e-01 -4.195973134279332717e-01 2.794252560408092001e-01
-4.324054706827435979e-01 -4.196261859872633115e-01 3.323485757421746345e-01
-4.323758278271112587e-01 -4.196085159604358017e-01 3.852150542147037560e-01
-4.324122599594337757e-01 -4.195967089843327114e-01 4.381143750411023441e-01
-4.324110338619313598e-01 -4.195969814737976478e-01 4.909981590133212226e-01
-3.805947529630746562e-01 -4.196075526351379925e-01 1.501366481051094603e-02
-3.805882162400613944e-01 -4.195750497399093892e-01 6.787589932875671972e-02
-3.805867427769301647e-01 -4.195603272012863316e-01 1.207585446502302401e-01
-3.805963967032836570e-01 -4.195920136261400701e-01 1.736558846040450188e-01
-3.805989391351468076e-01 -4.195913979529659055e-01 2.265286802655970266e-01
-3.806130847110703042e-01 -4.195949226726925496e-01 2.794318737395138919e-01
-3.805895207459543128e-01 -4.195937161459423748e-01 3.323205414126912394e-01
-3.805800531995995328e-01 -4.195933384339140537e-01 3.851853603599824094e-01
-3.805782838129315171e-01 -4.196150991258577045e-01 4.381037237201579893e-01
-3.805939647281135207e-01 -4.196087896303716813e-01 4.909839408021902107e-01
-3.288003144602171801e-01 -4.195926362485039030e-01 1.499582279758687742e-02
-3.287949817267736830e-01 -4.195832881584607432e-01 6.787015216495233261e-02
-3.287727204517896240e-01 -4.195881149258012255e-01 1.207607176489219752e-01
-3.288118663736622760e-01 -4.195786754013199893e-01 1.736521501105541820e-01
-3.287933518554834733e-01 -4.196007719157793803e-01 2.265564986313914342e-01
-3.287753968581125230e-01 -4.195865950736747951e-01 2.794025287996087514e-01
-3.287915670949153046e-01 -4.195896711336499774e-01 3.322991518222103147e-01
-3.288063318067537266e-01 -4.195998053152757978e-01 3.852256726417708776e-01
-3.287939856391994820e-01 -4.196119845712751317e-01 4.381220272014528794e-01
-3.287770560651728236e-01 -4.195945176521437281e-01 4.909703637467674464e-01
-2.770253077755420179e-01 -4.196221742568608803e-01 1.500899528237323310e-02
-2.770019769176874092e-01 -4.196030677430026001e-01 6.788872079729864339e-02
-2.769963172469266932e-01 -4.195946176526927363e-01 1.207848834748547068e-01
-2.769878215226895257e-01 -4.195791756866066868e-01 1.736444802846277002e-01
-2.769643302268904872e-01 -4.196074753884247444e-01 2.265362017789205318e-01
-2.769955760802981226e-01 -4.196030670924882910e-01 2.794514408983626019e-01
-2.769989283430338567e-01 -4.195872478456301735e-01 3.323277878148405140e-01
-2.769897270941846235e-01 -4.195886979763478464e-01 3.851810820690108050e-01
-2.769917730571320180e-01 -4.195979956705839231e-01 4.380918756655844959e-01
-2.770113410358289174e-01 -4.195866846421902330e-01 4.910040855698444839e-01
-5.359939064737654357e-01 -3.682035978286063438e-01 1.500695793543706247e-02
-5.359886909216856621e-01 -3.681914646973316607e-01 6.787137322277674023e-02
-5.359703240961621873e-01 -3.681665849268200841e-01 1.207498685257639010e-01
-5.359836658257561837e-01 -3.682241025459637163e-01 1.736620629157441531e-01
-5.359832936818080817e-01 -3.681923297263384742e-01 2.265627159694685311e-01
-5.359947242175155946e-01 -3.682113102454870335e-01 2.794575840488073837e-01
-5.359996879923017987e-01 -3.682008398525783988e-01 3.323307118344288047e-01
-5.359827220350809052e-01 -3.681926617003149493e-01 3.852089635238038490e-01
-5.359939562160789261e-01 -3.682202268705142001e-01 4.381001759723204270e-01
-5.359931799657478013e-01 -3.682152022929495172e-01 4.909716076612683500e-01
-4.841909028331841669e-01 -3.681893749499688950e-01 1.498864328687127268e-02
-4.841934677008732923e-01 -3.681936856454749996e-01 6.789852209377382486e-02
-4.841854786792387788e-01 -3.682096281725996123e-01 1.207789224958665114e-01
-4.841705522316152588e-01 -3.682084586235464529e-01 1.736532566802671540e-01
-4.841594675366465705e-01 -3.682170102557115188e-01 2.265102949437921009e-01
-4.841922768006738931e-01 -3.681904311552740561e-01 2.794312902803139931e-01
-4.842204751852289824e-01 -3.681889472539645602e-01 3.323423512546794245e-01
-4.841877467819741265e-01 -3.682149146850274279e-01 3.852294583449702436e-01
-4.842087827622160723e-01 -3.682065965084460601e-01 4.381038573395314994e-01
-4.841961170414965654e-01 -3.682113593344752411e-01 4.909595694296040591e-01
-4.324050094414639833e-01 -3.681872278740482840e-01 1.499293444071644887e-02
-4.323815016867540439e-01 -3.681982486880753247e-01 6.789679115188766712e-02
-4.324039351399706632e-01 -3.682242833308080887e-01 1.207885940121061347e-01
-4.323774652741311786e-01 -3.682051942485262130e-01 1.736653570642177624e-01
-4.323790038320168283e-01 -3.682056740844800724e-01 2.265400637982563636e-01
-4.323975963193439354e-01 -3.681856828950666460e-01 2.794099255760467138e-01
-4.323608375726695763e-01 -3.682090901027956220e-01 3.322940542196666791e-01
-4.323775174064601323e-01 -3.682002527587699414e-01 3.852108344370266946e-01
-4.323891500979235580e-01 -3.682114494547555350e-01 4.381101127121984073e-01
-4.323939489518967560e-01 -3.682234667046583865e-01 4.910055181241110844e-01
-3.805960604702772754e-01 -3.681954300122696200e-01 1.499628878299992529e-02
-3.806016282341294077e-01 -3.681843544464079576e-01 6.787631465190983870e-02
-3.805970174249427851e-01 -3.681744156847103766e-01 1.207629634750305853e-01
-3.805947027095032409e-01 -3.681992412733848252e-01 1.736637978423854478e-01
-3.806096924716854124e-01 -3.682011328644571035e-01 2.265675625930703152e-01
-3.806176312792491911e-01 -3.682029291250690783e-01 2.794516040291144532e-01
-3.806101958263941043e-01 -3.681960330038426266e-01 3.323548543200111616e-01
-3.806035597621499900e-01 -3.682056669478809829e-01 3.852370913598957003e-01
-3.805944602743677740e-01 -3.681911219976048977e-01 4.380845769495159692e-01
-3.805935424324875527e-01 -3.681861523740459496e-01 4.909636594165922574e-01
-3.288119748666189501e-01 -3.681848027313310845e-01 1.501129669909076481e-02
-3.287809429222048330e-01 -3.681923126807093438e-01 6.787439303091595544e-02
-3.288118848819326923e-01 -3.681961997647016371e-01 1.207838223817404438e-01
-3.288142179367826712e-01 -3.682057198965471012e-01 1.736757622534053636e-01
-3.288002287234487175e-01 -3.681971552719420226e-01 2.265533034287701142e-01
-3.287862243993459055e-01 -3.681856610118786621e-01 2.794256246480993355e-01
-3.287862679239471064e-01 -3.682057625186320737e-01 3.323121290635868141e-01
-3.288281073321049908e-01 -3.681916074680024464e-01 3.852188662449339551e-01
-3.287827748723866628e-01 -3.682034873302185707e-01 4.380985490977916674e-01
-3.288069253636077827e-01 -3.682047575517856663e-01 4.910120429947031351e-01
-2.769949758265392581e-01 -3.681914595918274746e-01 1.500019809752604905e-02
-2.770052445520382323e-01 -3.681933679707665719e-01 6.789523418720135040e-02
-2.769701959728715912e-01 -3.681915365373341631e-01 1.207621909488819228e-01
-2.769757544065363231e-01 -3.681953772886756293e-01 1.736496308164982572e-01
-2.769983965383717717e-01 -3.682027002259447013e-01 2.265567190277364973e-01
-2.769943495065758099e-01 -3.681959006295578707e-01 2.794340209471116165e-01
-2.769834855464116674e-01 -3.682021511547216575e-01 3.323068968366444942e-01
-2.769838233908917258e-01 -3.682128853912937649e-01 3.852230239823307700e-01
-2.769913432231349559e-01 -3.682026572939788855e-01 4.381155479804736408e-01
-2.770094794980155206e-01 -3.682109548538727850e-01 4.909665374732772314e-01
-5.359964822941654106e-01 -3.167949891676230534e-01 1.500612253704297627e-02
-5.360090834098942825e-01 -3.167944616716861783e-01 6.788807636186740269e-02
-5.359560073705582628e-01 -3.168001842042084126e-01 1.207513696864875447e-01
-5.360043816777280146e-01 -3.168141355266396175e-01 1.736690048208512360e-01
-5.360027641390103792e-01 -3.167835191827656494e-01 2.265606830157429474e-01
-5.359857364875548758e-01 -3.168147558801139296e-01 2.794475359220124910e-01
-5.359834774711768057e-01 -3.168045679993489738e-01 3.323167761262131870e-01
-5.359851848624155313e-01 -3.167843018374818520e-01 3.852090079462294203e-01
-5.359939534500269831e-01 -3.167946711298639806e-01 4.380965712135034273e-01
-5.359925758967940546e-01 -3.167909792826663629e-01 4.909629892200765289e-01
-4.842171285436236428e-01 -3.167798240311973657e-01 1.501915398024879222e-02
-4.841914332658122100e-01 -3.167842835391320722e-01 6.786852915519546448e-02
-4.841629682437392779e-01 -3.168120637542345408e-01 1.207566916121215056e-01
-4.841869211631237846e-01 -3.167866193606643233e-01 1.736494913360543957e-01
-4.841850308356506760e-01 -3.167982535287912071e-01 2.265466516827484011e-01
-4.841784309286185084e-01 -3.168028373376021167e-01 2.793996583686517710e-01
-4.841973781094400242e-01 -3.168168931770935504e-01 3.323500744923519878e-01
-4.842001167916616389e-01 -3.167780474920603440e-01 3.852057573087307452e-01
-4.841917309402109515e-01 -3.167989546352777408e-01 4.380787371498289784e-01
-4.841929934147192749e-01 -3.168151527907239196e-01 4.909968779364068947e-01
-4.324158197157420003e-01 -3.167882382519510154e-01 1.500471442967217517e-02
-4.323831691391296639e-01 -3.167800831616274793e-01 6.787361809158549975e-02
-4.323946148527274547e-01 -3.167963701804817345e-01 1.207685076315930389e-01
-4.323847206999325010e-01 -3.167890118386297305e-01 1.736541911771748437e-01
-4.324007301939967185e-01 -3.167941677535387468e-01 2.265553821350592134e-01
-4.324019790566702715e-01 -3.167892415074586299e-01 2.794324086331867463e-01
-4.324055651567864644e-01 -3.167888782506287360e-01 3.323273395123509943e-01
-4.323811245197630715e-01 -3.167985044259796767e-01 3.852167256830447695e-01
-4.323886750857237615e-01 -3.167983091997018663e-01 4.380941721241068398e-01
-4.324119929388163253e-01 -3.168116258840658062e-01 4.909943316967802507e-01
-3.806324212006884089e-01 -3.167898379267477527e-01 1.500782291112637279e-02
-3.805939508106268021e-01 -3.167888282495656127e-01 6.788580607309273318e-02
-3.805854647892609743e-01 -3.167993642012014166e-01 1.207636166630776248e-01
-3.805709502828114044e-01 -3.168036692157338852e-01 1.736620510855601540e-01
-3.805902668975568170e-01 -3.167964005888730950e-01 2.265434644313198409e-01
-3.805875905775264467e-01 -3.168001105946061657e-01 2.794201661059935171e-01
-3.806028883021040921e-01 -3.167835527768341763e-01 3.323288126625338346e-01
-3.805904624465444308e-01 -3.168073850012173009e-01 3.852135400264373177e-01
-3.805990982861180982e-01 -3.168160144503995301e-01 4.380969585512960451e-01
-3.806089398244629773e-01 -3.168138414894056676e-01 4.909839651545907513e-01
-3.288177298721268738e-01 -3.168091491419915973e-01 1.500639365713304918e-02
-3.287654980912371183e-01 -3.167846636088328394e-01 6.786332093711279490e-02
-3.287981654574924084e-01 -3.167940088654064290e-01 1.207690958256084773e-01
-3.287869134154997042e-01 -3.167769843426982423e-01 1.736478211417976092e-01
-3.287752049543876121e-01 -3.168004827458053563e-01 2.265274230427567481e-01
-3.287830708534066892e-01 -3.167953361358351594e-01 2.794416679686745342e-01
-3.288043370702098955e-01 -3.168050121536634678e-01 3.323407451329418727e-01
-3.287849519833870304e-01 -3.168007274882488344e-01 3.851931905672227874e-01
-3.287965719508578188e-01 -3.167966705771020908e-01 4.380843415413538389e-01
-3.287897811123039471e-01 -3.168054347880895905e-01 4.909974326037180314e-01
-2.770046011137159425e-01 -3.168133867279563920e-01 1.500065941215815435e-02
-2.770119793162979516e-01 -3.167865778882375527e-01 6.788694038851954271e-02
-2.770004097301091983e-01 -3.167844237749604108e-01 1.207711451158978017e-01
-2.769861019671736035e-01 -3.168059978555854972e-01 1.736583165641190085e-01
-2.769817047187403403e-01 -3.167884918811603723e-01 2.265379450181760346e-01
-2.770166392952548851e-01 -3.167924248557646427e-01 2.794468160178287253e-01
-2.769907851056204184e-01 -3.168234459081468168e-01 3.323256695253670179e-01
-2.769770999583162641e-01 -3.168018021573006937e-01 3.852026265400737004e-01
-2.770028223414927604e-01 -3.168082803544977621e-01 4.381331843260967696e-01
-2.769960991317975685e-01 -3.167866728255133713e-01 4.909949744412160921e-01
-5.359776427725589931e-01 -2.654180584851138502e-01 1.498305862110813069e-02
-5.359667794949234398e-01 -2.654158447443346058e-01 6.788054082712836890e-02
-5.359980705206842666e-01 -2.653869082177970351e-01 1.207720015155613752e-01
-5.359782704186668578e-01 -2.654088245212700148e-01 1.736532569422024608e-01
-5.359707794801353842e-01 -2.653804840110525753e-01 2.265382145231180089e-01
-5.360156092880269396e-01 -2.654191922674308257e-01 2.794739904274088915e-01
-5.360084655495527262e-01 -2.653898181911363285e-01 3.323331596342000704e-01
-5.359995764280875985e-01 -2.654049196197211802e-01 3.852102837925993617e-01
-5.360003376415970466e-01 -2.653984513914776633e-01 4.381000067646074747e-01
-5.359867050656604848e-01 -2.654109881478803890e-01 4.909895665243083629e-01
-4.842306726487562996e-01 -2.653980767443580580e-01 1.501786712878265539e-02
-4.842049965279618950e-01 -2.653995004754240439e-01 6.788734245644857668e-02
-4.841693916525314778e-01 -2.654145085349917665e-01 1.207792852453735549e-01
-4.842224502300166988e-01 -2.654028002353298610e-01 1.736710293142593731e-01
-4.841912429636828774e-01 -2.654049825744800306e-01 2.265642479953561272e-01
-4.842008649354933580e-01 -2.653868537350350665e-01 2.794228434490831359e-01
-4.841817373088813103e-01 -2.654061952959202997e-01 3.323244185453276267e-01
-4.841881329127215028e-01 -2.653901691538168017e-01 3.852086118495415823e-01
-4.841960368651947455e-01 -2.653990620184799032e-01 4.381070140231045351e-01
-4.842021560663831159e-01 -2.653836528671241202e-01 4.909765456943970818e-01
-4.324026806109784737e-01 -2.654042774874844635e-01 1.500250132967334560e-02
-4.323790875741811979e-01 -2.654055119879659697e-01 6.787827129728483955e-02
-4.323658510152487700e-01 -2.653955529976135819e-01 1.207689654884522429e-01
-4.323838091357913305e-01 -2.654160214803868989e-01 1.736497181777411636e-01
-4.324173681183853812e-01 -2.653950430112092529e-01 2.265729790054800685e-01
-4.323883629910722504e-01 -2.654023153155320447e-01 2.794289536285982090e-01
-4.323939290397271762e-01 -2.653826831370141859e-01 3.323311564445232125e-01
-4.323932052986935726e-01 -2.654052120336479748e-01 3.851989141010837558e-01
-4.323915197079531980e-01 -2.653957217461846985e-01 4.380843992139760168e-01
-4.323824288583634212e-01 -2.654168361379861674e-01 4.909924961264817700e-01
-3.805860545341807621e-01 -2.653854537175904249e-01 1.499822189300864528e-02
-3.805918433387199262e-01 -2.653885372597507009e-01 6.788656838134039806e-02
-3.806013219572744188e-01 -2.653819163680559701e-01 1.207767255636665732e-01
-3.805946317217458463e-01 -2.654015735461505709e-01 1.736634178180554433e-01
-3.805998272754094192e-01 -2.653614704738389007e-01 2.265372608510676233e-01
-3.806007361648937604e-01 -2.653857118534581616e-01 2.794516236451193847e-01
-3.805718479947516886e-01 -2.654156601823667305e-01 3.323016795239763232e-01
-3.806014671379264191e-01 -2.654046945621085785e-01 3.852101096533713243e-01
-3.805984722249329821e-01 -2.653959527585283418e-01 4.381199330155540750e-01
-3.805963047895753459e-01 -2.654119297417412704e-01 4.909998225848118958e-01
-3.287968806700443114e-01 -2.654233835029092825e-01 1.500306736308885946e-02
-3.287536846603937302e-01 -2.653981293463075208e-01 6.787121991799251186e-02
-3.287779442549855213e-01 -2.654058952810733896e-01 1.207652603200300295e-01
-3.287654803630401523e-01 -2.653949031155980465e-01 1.736367337700862601e-01
-3.287960487453859271e-01 -2.653919451032407117e-01 2.265435607799129447e-01
-3.287858168356814770e-01 -2.653979171544045279e-01 2.794260198642079529e-01
-3.287921467677618614e-01 -2.654076197667247783e-01 3.323294303875563016e-01
-3.287961651048755263e-01 -2.653924892537615210e-01 3.852075748524296239e-01
-3.287909892943302048e-01 -2.654057899197918569e-01 4.381134217167463318e-01
-3.288121083454802474e-01 -2.653886753877506277e-01 4.910078182960180282e-01
-2.769943731384242325e-01 -2.654087427891637652e-01 1.499797341303224507e-02
-2.769628817549824040e-01 -2.654050840092979646e-01 6.787166919166169599e-02
-2.769745030745969783e-01 -2.654078616496725052e-01 1.207599016214573467e-01
-2.769995183441011921e-01 -2.654054214546260337e-01 1.736691358045062694e-01
-2.770005081312212902e-01 -2.653989305438534396e-01 2.265402237304453559e-01
-2.770084615943855799e-01 -2.653890354094081139e-01 2.794414081864711741e-01
-2.769885594561536934e-01 -2.653861335921051112e-01 3.323222890355004289e-01
-2.769976677585148095e-01 -2.654019502370063011e-01 3.852083654369386490e-01
-2.770012708917959920e-01 -2.654000834658035157e-01 4.381208623767364196e-01
-5.359678612272447129e-01 -2.139901536064269250e-01 1.498725354230186213e-02
-5.359922965564272168e-01 -2.140110837256119503e-01 6.787940302796331704e-02
-5.360051194742763148e-01 -2.139909629546966063e-01 1.207736461846506820e-01
-5.359708381497875207e-01 -2.139867145371138479e-01 1.736467106807285110e-01
-5.359890522811699975e-01 -2.139805559390167700e-01 2.265522380435232019e-01
-5.359716127637056404e-01 -2.139826697914787856e-01 2.794290612349250580e-01
-5.359958037858241209e-01 -2.140099675673961255e-01 3.323348198447591550e-01
-5.360001303097805536e-01 -2.140079452974024132e-01 3.851962513395705834e-01
-5.359674902936074625e-01 -2.139959812000995498e-01 4.380829897869125134e-01
-5.360129500613907139e-01 -2.139817746028593870e-01 4.910168859501668481e-01
-4.842141069903962425e-01 -2.140005688154710817e-01 1.501299533894891181e-02
-4.841799422556290478e-01 -2.139734214399762469e-01 6.786643369037405338e-02
-4.841935330033927398e-01 -2.139963282661243860e-01 1.207678349348956098e-01
-4.841979679663029890e-01 -2.140125630342620267e-01 1.736651221002735168e-01
-4.841849209914224628e-01 -2.139960128103182146e-01 2.265337322459892166e-01
-4.842206610943969314e-01 -2.140166745851163621e-01 2.794633460237284095e-01
-4.841816383634492404e-01 -2.140077435692238628e-01 3.323263356638214150e-01
-4.841670551302509895e-01 -2.140005762403564271e-01 3.851999364655505631e-01
-4.841677640422414330e-01 -2.140086516175289111e-01 4.380731068168109976e-01
-4.842087393500350556e-01 -2.140140213051156537e-01 4.909862479119015410e-01
-4.323808277701919889e-01 -2.139919625151707749e-01 1.500469159252619533e-02
-4.323580768782449013e-01 -2.139967919272226793e-01 6.787639069603397524e-02
-4.323675071898873123e-01 -2.140222937401155823e-01 1.207653525061939542e-01
-4.323840725433525933e-01 -2.140194705936381836e-01 1.736550603062654297e-01
-4.324064368535435743e-01 -2.139802822551596373e-01 2.265456503774970765e-01
-4.323735917530174833e-01 -2.140043687559304575e-01 2.794236475241803630e-01
-4.323848426650220844e-01 -2.140132729889343000e-01 3.323169927574363136e-01
-4.324034246181854280e-01 -2.140008028102686755e-01 3.852228677649999211e-01
-4.323892331357871988e-01 -2.139973161019443348e-01 4.381098776584012588e-01
-4.323802276897384944e-01 -2.139872873966607303e-01 4.909915502037591750e-01
-3.805783508773699642e-01 -2.139976564423729244e-01 1.499458324539035270e-02
-3.806009013030996480e-01 -2.139926749577677756e-01 6.789632587103076877e-02
-3.805815165125578381e-01 -2.140046055851122786e-01 1.207550451480714632e-01
-3.805773931831907819e-01 -2.140093706497047110e-01 1.736537848958345509e-01
-3.805893659134360063e-01 -2.139994111825076761e-01 2.265584007056972715e-01
-3.805969042198701358e-01 -2.140083719938085660e-01 2.794276261431712371e-01
-3.805832689870663477e-01 -2.140138671728816222e-01 3.323354991419676940e-01
-3.805983907244043785e-01 -2.140148111091138006e-01 3.852286356124298150e-01
-3.806170204057460205e-01 -2.140042563435980150e-01 4.381016045914333801e-01
-3.805998153885174484e-01 -2.140016254873159107e-01 4.909786775588322882e-01
-3.287934322041496937e-01 -2.140069611787120962e-01 1.499461660008841180e-02
-3.287765641281084061e-01 -2.139859704565568732e-01 6.787892923030201808e-02
-3.287884465231892261e-01 -2.140157447885418229e-01 1.207747002612598736e-01
-3.288022057519925934e-01 -2.140065025910038721e-01 1.736633990280339046e-01
-3.288119953132123685e-01 -2.139918558757911704e-01 2.265581152984049718e-01
-3.288055736885950875e-01 -2.140028808749664113e-01 2.794316023990126574e-01
-3.287802242022213051e-01 -2.140161014956247498e-01 3.323209028010549182e-01
-3.288038025235218154e-01 -2.139973788264146748e-01 3.852327184338960597e-01
-3.288038060495142023e-01 -2.140081240567646703e-01 4.381109086207042314e-01
-2.769869144232448011e-01 -2.139979167336584220e-01 1.500064364241641968e-02
-2.769911590867001339e-01 -2.139986108433596934e-01 6.788220110084296210e-02
-2.769890992797140461e-01 -2.139891126552240230e-01 1.207684422370696314e-01
-2.769760689045549507e-01 -2.139972500378965192e-01 1.736497977986710128e-01
-2.770157409933196035e-01 -2.140077787884080429e-01 2.265634990079354871e-01
-2.769906921642317221e-01 -2.139999276565490161e-01 2.794247347200812803e-01
-2.769976583955400806e-01 -2.139977607568206985e-01 3.323346085410127659e-01
-2.769764068832127890e-01 -2.140069566836710069e-01 3.851870580854347415e-01
-2.769877397697738108e-01 -2.140104970695634046e-01 4.381113661699854722e-01
