-6.735332570850585676e-02 -6.399444246499361166e-02 7.690000365255400538e-01
-2.753986227082211649e-02 -7.480925073858718521e-02 7.350000349106267095e-01
1.266624310607219681e-02 -8.500577415590900021e-02 7.000000332482159138e-01
5.260542418537043907e-02 -9.527873573262297946e-02 6.650000315858051181e-01
9.228795874415640643e-02 -1.060680198539847297e-01 6.340000301133841276e-01
1.335408706123625278e-01 -1.171486332158414023e-01 6.020000285934656858e-01
1.739605154273336785e-01 -1.282929898096259458e-01 5.670000269310548902e-01
2.136480250260413272e-01 -1.383824998037987419e-01 5.320000252686440945e-01
2.531298577925364390e-01 -1.483250488255170307e-01 4.990000237012282014e-01
-1.070631889403946962e-01 -3.630550641399390380e-03 7.900000375229865313e-01
-6.703836503849203154e-02 -1.420621667346606658e-02 7.560000359080731869e-01
-2.697782426529513403e-02 -2.532304618570967517e-02 7.200000341981649399e-01
1.312193803734445705e-02 -3.526054409590289457e-02 6.840000324882566929e-01
5.283516867756354873e-02 -4.557413643862504027e-02 6.500000308733433485e-01
9.280205932480899145e-02 -5.624330345237054524e-02 6.190000294009223580e-01
1.340506132452992383e-01 -6.743748207960983954e-02 5.870000278810039163e-01
1.744850842324921769e-01 -7.802406784873253121e-02 5.530000262660905719e-01
2.147979593284249367e-01 -8.892382233246218237e-02 5.180000246036797762e-01
2.539577306087305586e-01 -9.894258177467174509e-02 4.840000229887664318e-01
-1.067190483206604257e-01 4.636888155311114784e-02 7.750000368105247617e-01
-6.642578398944902485e-02 3.538613706775572965e-02 7.400000351481139660e-01
-2.641578625976815503e-02 2.447437087326445257e-02 7.050000334857031703e-01
1.429190974923308724e-02 1.445825085626787319e-02 6.690000317757949233e-01
5.377592148958613288e-02 3.327634442854392801e-03 6.360000302083790302e-01
9.384347157907992065e-02 -6.733075477969801582e-03 6.040000286884605885e-01
1.345991507628949702e-01 -1.765012052288701325e-02 5.730000272160395980e-01
1.753528414202742136e-01 -2.837429497891558877e-02 5.390000256011262536e-01
2.155818260226767535e-01 -3.863961273969035437e-02 5.040000239387154579e-01
2.548047875448622990e-01 -4.937689088018615974e-02 4.700000223238021135e-01
-1.061696575134973008e-01 9.596887911027215945e-02 7.590000360505655408e-01
-6.586919341856686816e-02 8.533643044551417201e-02 7.250000344356521964e-01
-2.510200227325633596e-02 7.443558398807890997e-02 6.900000327732414007e-01
1.472889295529081731e-02 6.360439610890132600e-02 6.560000311583280563e-01
5.462515739957578276e-02 5.351575034953323651e-02 6.220000295434147120e-01
9.488227821470923695e-02 4.303135463093538116e-02 5.900000280234962702e-01
1.355736776697154256e-01 3.283501223171562955e-02 5.590000265510752797e-01
1.765180285396632798e-01 2.223859869924251290e-02 5.250000249361619353e-01
2.160915686556134918e-01 1.163608880233754465e-02 4.890000232262536883e-01
2.555956178054716310e-01 8.900748721969239810e-04 4.550000216113403440e-01
-1.056925994884294756e-01 1.460676809119925146e-01 7.440000353381037712e-01
-6.537186178663244307e-02 1.357069059610285788e-01 7.110000337706878781e-01
-2.459268628510330457e-02 1.245974925258232918e-01 6.760000321082770824e-01
1.511400743354200139e-02 1.141244720220832426e-01 6.420000304933637381e-01
5.538287640753249141e-02 1.034330567772227261e-01 6.080000288784503937e-01
9.560229182493593103e-02 9.279601247874144643e-02 5.750000273110345006e-01
1.364259458431303917e-01 8.288817887670156537e-02 5.430000257911160588e-01
1.772384687946736981e-01 7.213998099914972761e-02 5.090000241762027144e-01
2.172092449949118986e-01 6.148592059918057962e-02 4.740000225137919188e-01
2.568599482353963182e-01 5.094496998679229338e-02 4.410000209463760257e-01
-1.048616944088100467e-01 1.967129250443157007e-01 7.270000345306470990e-01
-6.465795845319581570e-02 1.865364659106976963e-01 6.950000330107286572e-01
-2.408337029695028012e-02 1.755106789730219996e-01 6.620000314433127642e-01
1.615281406917130555e-02 1.644392568786119391e-01 6.280000298283994198e-01
5.614343723149239213e-02 1.544988918043048720e-01 5.950000282609835267e-01
9.694179685295917226e-02 1.438325919546732112e-01 5.610000266460701823e-01
1.375734649742944848e-01 1.333890547409844196e-01 5.270000250311568379e-01
1.775754096506889368e-01 1.226299371263765564e-01 4.930000234162434936e-01
2.178100778850978470e-01 1.119099028262694889e-01 4.600000218488276005e-01
2.569415225052504304e-01 1.008472165215042321e-01 4.260000202339142561e-01
-7.365948884376258277e-02 -4.243562319056855964e-02 8.410000399453565478e-01
-3.371268135596158788e-02 -5.299140595703351331e-02 8.060000382829457521e-01
6.391012249610155196e-03 -6.331896621902760591e-02 7.710000366205349565e-01
4.631953465698031985e-02 -7.430871802441840757e-02 7.380000350531190634e-01
8.637050624517811359e-02 -8.472277194805595546e-02 7.040000334382057190e-01
1.267487963067880363e-01 -9.583223210406002779e-02 6.740000320132821798e-01
1.675072715566668646e-01 -1.062067472353950132e-01 6.390000303508713841e-01
2.080299909851058837e-01 -1.170717862994462705e-01 6.050000287359580398e-01
2.479731033673362728e-01 -1.279510210216703858e-01 5.710000271210446954e-01
2.870326418501772392e-01 -1.379239175682446250e-01 5.370000255061313510e-01
-7.324562106057463939e-02 7.027649914491290381e-03 8.260000392328947783e-01
-3.308527413469679324e-02 -3.635146275122680837e-03 7.910000375704839826e-01
7.080946870609575172e-03 -1.418742538156994581e-02 7.550000358605757356e-01
4.695347879981889849e-02 -2.463906188899973523e-02 7.230000343406572938e-01
8.678219505450812665e-02 -3.476592672806389644e-02 6.890000327257439494e-01
1.271308327716745012e-01 -4.534750810646034913e-02 6.570000312058255076e-01
1.681915682955993363e-01 -5.687933434763160073e-02 6.260000297334045172e-01
2.087197351586831395e-01 -6.736545853583890409e-02 5.920000281184911728e-01
2.487279805592898241e-01 -7.784020750918840825e-02 5.560000264085829258e-01
2.875456529439008313e-01 -8.790046195221083714e-02 5.220000247936695814e-01
-7.288883324247651119e-02 5.744944819416900050e-02 8.120000385679304600e-01
-3.245786691343199859e-02 4.642871236801839052e-02 7.760000368580222130e-01
7.756954358894022940e-03 3.543395617190134295e-02 7.410000351956114173e-01
4.738781063729559373e-02 2.528001972909800846e-02 7.060000335332006216e-01
8.796045601704474692e-02 1.458792126753485040e-02 6.750000320607796311e-01
1.279245048482870184e-01 4.066398442946522925e-03 6.430000305408611894e-01
1.690974575258950841e-01 -6.822255285625030731e-03 6.120000290684401989e-01
2.097175679357955458e-01 -1.714326370538550928e-02 5.770000274060294032e-01
2.496800548853856938e-01 -2.729806438299357124e-02 5.410000256961211562e-01
2.892425096846241162e-01 -3.839155369041657995e-02 5.080000241287052631e-01
-7.250153979036738638e-02 1.069998514567761516e-01 7.980000379029661417e-01
-3.187228684025152081e-02 9.634820274311908794e-02 7.620000361930578947e-01
8.402456213167491458e-03 8.557184128812247992e-02 7.270000345306470990e-01
4.802525943828261229e-02 7.475921696194012811e-02 6.930000329157337546e-01
8.829654358349257881e-02 6.481098033279296400e-02 6.610000313958153129e-01
1.290454496483722791e-01 5.403197945258339518e-02 6.280000298283994198e-01
1.701563015710294280e-01 4.354189612655664371e-02 5.970000283559784293e-01
2.103885546342188773e-01 3.301122875532053885e-02 5.620000266935676336e-01
2.502072293091858746e-01 2.228095793486011694e-02 5.260000249836593866e-01
2.898328743503041927e-01 1.173127153282701313e-02 4.930000234162434936e-01
-7.189985361061401736e-02 1.577977441689827898e-01 7.820000371430069208e-01
-3.128670676707104997e-02 1.468529910244225634e-01 7.480000355280935764e-01
9.030099631793837497e-03 1.354998397139671185e-01 7.140000339131802320e-01
4.927433705120187746e-02 1.251504399778609888e-01 6.790000322507694364e-01
8.924601229094686339e-02 1.143067849101200018e-01 6.470000307308509946e-01
1.301823101076083067e-01 1.044537777322611105e-01 6.140000291634351015e-01
1.709536687532125510e-01 9.456123176209965675e-02 5.820000276435166597e-01
2.115371632523119216e-01 8.334612461635183822e-02 5.460000259336084127e-01
2.508662316513906032e-01 7.242343868480453917e-02 5.110000242711976171e-01
2.904740182568618101e-01 6.213450625950948936e-02 4.790000227512791753e-01
-7.117027081538819522e-02 2.078303910524631759e-01 7.650000363355502486e-01
-3.065929954580625533e-02 1.975359987586400856e-01 7.330000348156318069e-01
9.615679704974311806e-03 1.863496916862409092e-01 7.000000332482159138e-01
4.970738895432744858e-02 1.755798820734779109e-01 6.650000315858051181e-01
9.061971805855167927e-02 1.654866406803865153e-01 6.320000300183892250e-01
1.311361367627784658e-01 1.551420175961057690e-01 6.000000284984707832e-01
1.715002177443724907e-01 1.448581362823357643e-01 5.650000268360599875e-01
2.120893958754782316e-01 1.338216573465049464e-01 5.310000252211466432e-01
2.515738342606149702e-01 1.225394843269136391e-01 4.970000236062332988e-01
2.909826714028695971e-01 1.118696808172642970e-01 4.640000220388174057e-01
-3.954884898005132238e-02 -3.180253802990672812e-02 8.770000416552647948e-01
-3.592349078799845661e-04 -4.248608171992714760e-02 8.420000399928539991e-01
4.004994168258525084e-02 -5.211127515031813151e-02 8.060000382829457521e-01
7.988282543756816678e-02 -6.280118966447008344e-02 7.750000368105247617e-01
1.202968323704723674e-01 -7.400082816023738352e-02 7.430000352906063199e-01
1.610448851457846609e-01 -8.490804544180417801e-02 7.120000338181853294e-01
2.021069006040606131e-01 -9.566061121417841762e-02 6.780000322032719851e-01
2.421125403860256153e-01 -1.061694391113024716e-01 6.430000305408611894e-01
2.819264304684930833e-01 -1.163244675278114204e-01 6.080000288784503937e-01
3.211260861203866224e-01 -1.269636957737038940e-01 5.750000273110345006e-01
-3.891751045585437746e-02 1.770855417929873693e-02 8.630000409903004766e-01
5.481704541284364122e-04 7.036157965235226297e-03 8.270000392803922296e-01
4.021715877504372649e-02 -2.774898734009018965e-03 7.920000376179814339e-01
8.082073643358757276e-02 -1.345148182479286025e-02 7.600000360980629921e-01
1.210408146931362672e-01 -2.401449965019407384e-02 7.280000345781445503e-01
1.616805816176974664e-01 -3.522005349229114651e-02 6.980000331532210112e-01
2.028833770871712461e-01 -4.596870684764473719e-02 6.660000316333025694e-01
2.430086242339606906e-01 -5.646506755620540885e-02 6.290000298758968711e-01
2.827237976506761785e-01 -6.683171113270029717e-02 5.930000281659886241e-01
3.224753965307705639e-01 -7.731501487759254165e-02 5.610000266460701823e-01
-3.911877614274712756e-02 6.824983307068885341e-02 8.470000402303412557e-01
1.422891208267951626e-03 5.744944819416900050e-02 8.120000385679304600e-01
4.120149106422485441e-02 4.654837399783286894e-02 7.780000369530171156e-01
8.177020514104187121e-02 3.648766407700867326e-02 7.460000354330986738e-01
1.216540585843245287e-01 2.553067148278594795e-02 7.130000338656827807e-01
1.626707879863071304e-01 1.476081514922415218e-02 6.830000324407592416e-01
2.036746339925642746e-01 4.820450074917083383e-03 6.500000308733433485e-01
2.435057196685335712e-01 -6.164022880047778478e-03 6.130000291159376502e-01
2.836187920116823302e-01 -1.657043298774611012e-02 5.790000275010243058e-01
3.233708175365603288e-01 -2.695413938652767641e-02 5.460000259336084127e-01
-3.847218480154469822e-02 1.180601260752293241e-01 8.330000395653769374e-01
2.267769170541745864e-03 1.069998514567761516e-01 7.980000379029661417e-01
4.217994927397745314e-02 9.672752637596601644e-02 7.650000363355502486e-01
8.251527695063472223e-02 8.604266297333910962e-02 7.310000347206369042e-01
1.224865255455960256e-01 7.551436056761628990e-02 7.000000332482159138e-01
1.634648867077033163e-01 6.549732959501618212e-02 6.680000317282974720e-01
2.045090437303321296e-01 5.463424673947524929e-02 6.350000301608815789e-01
2.451230438634425246e-01 4.434185737496131041e-02 5.990000284509733319e-01
2.837552672727682301e-01 3.306996759652218454e-02 5.630000267410650849e-01
3.237432848164476518e-01 2.249275411294814064e-02 5.310000252211466432e-01
-3.787177855614243943e-02 1.681519205569142750e-01 8.200000389479100704e-01
3.082141498804561071e-03 1.573452115770617166e-01 7.840000372380018234e-01
4.304443800097259437e-02 1.466219013558378581e-01 7.510000356705859303e-01
8.339459184985165141e-02 1.362589424574627284e-01 7.180000341031700373e-01
1.235933070156047808e-01 1.262563348819363551e-01 6.850000325357541442e-01
1.650266470692351162e-01 1.162576397234305753e-01 6.540000310633331537e-01
2.054255916325559705e-01 1.053043785281264216e-01 6.190000294009223580e-01
2.453473409209908085e-01 9.488618444856736223e-02 5.840000277385115623e-01
2.844748542382112277e-01 8.380407035600213883e-02 5.490000260761007667e-01
3.241549736257776648e-01 7.313208289894157499e-02 5.160000245086848736e-01
-3.717900211913983261e-02 2.195763784372357086e-01 8.050000382354483008e-01
3.031034560686628361e-03 2.086185216082082905e-01 7.710000366205349565e-01
4.384791545994577711e-02 1.978091732031427297e-01 7.370000350056216121e-01
8.395009293380485682e-02 1.871483332220390816e-01 7.030000333907082677e-01
1.247225410663380385e-01 1.771640614606070363e-01 6.710000318707898259e-01
1.658549465302129045e-01 1.670577163830484213e-01 6.380000303033739328e-01
2.056866950483274836e-01 1.556591576547594613e-01 6.020000285934656858e-01
2.464846280250105603e-01 1.452623475715106305e-01 5.690000270260497928e-01
2.859141654189154003e-01 1.339111524695655309e-01 5.360000254586338997e-01
3.252046751306966188e-01 1.232241051195274162e-01 5.020000238437205553e-01
-6.357736084385287936e-03 -2.014736548080123257e-02 9.130000433651730418e-01
3.413949849990383784e-02 -3.095038978253404974e-02 8.800000417977571487e-01
7.337553386523690269e-02 -4.176410608242200895e-02 8.460000401828438044e-01
1.140553756088081988e-01 -5.262850865056943606e-02 8.140000386629253626e-01
1.540712931678570041e-01 -6.344946000939363784e-02 7.830000371905043721e-01
1.952305091601722331e-01 -7.397753467621559498e-02 7.510000356705859303e-01
2.360565325996468178e-01 -8.460320375983908237e-02 7.160000340081751347e-01
2.760473462093900876e-01 -9.520025378821604656e-02 6.800000322982668877e-01
3.162231821496349071e-01 -1.061233951975650985e-01 6.470000307308509946e-01
3.561959468763088998e-01 -1.163206018315895707e-01 6.150000292109325528e-01
-5.274923326813739204e-03 2.921326209593201606e-02 8.980000426527112722e-01
3.446009705198462003e-02 1.867253922244460976e-02 8.640000410377979279e-01
7.388527649817364096e-02 7.977620317566410171e-03 8.310000394703820348e-01
1.145651182417449232e-01 -2.799424354132835913e-03 7.990000379504635930e-01
1.553033656346965441e-01 -1.359307637031699663e-02 7.680000364780426025e-01
1.964087701227088811e-01 -2.431138220081460397e-02 7.370000350056216121e-01
2.371319551460771835e-01 -3.470468862404570837e-02 7.030000333907082677e-01
2.768944031455217725e-01 -4.524145235971366308e-02 6.660000316333025694e-01
3.171545562240805638e-01 -5.604424892254560031e-02 6.320000300183892250e-01
3.567181005102479374e-01 -6.619973281685631594e-02 5.990000284509733319e-01
-5.198560294242938681e-03 7.904298288827245333e-02 8.850000420352444053e-01
3.474583202233857276e-02 6.833041138600252917e-02 8.480000402778387070e-01
7.531085099358499069e-02 5.780320095398531338e-02 8.170000388054177165e-01
1.152701152323276773e-01 4.702702051709079650e-02 7.860000373329967260e-01
1.555516314046820336e-01 3.683004162196720083e-02 7.530000357655808330e-01
1.971309627067935055e-01 2.664134303868666634e-02 7.220000342931598425e-01
2.380687766551676243e-01 1.562015173473428782e-02 6.880000326782464981e-01
2.777506026218689028e-01 4.827866151955417101e-03 6.510000309208407998e-01
3.176937150040993196e-01 -5.530497112696417840e-03 6.170000293059274554e-01
3.573291654275783102e-01 -1.607581561990711547e-02 5.840000277385115623e-01
-4.167380067116381072e-03 1.291524766881479436e-01 8.710000413702800870e-01
3.607576786536269287e-02 1.184853126037115484e-01 8.360000397078692913e-01
7.586440930104182412e-02 1.078043616181052905e-01 8.040000381879508495e-01
1.164302815618556419e-01 9.748617364165987342e-02 7.710000366205349565e-01
1.566852234031311797e-01 8.698430634377236903e-02 7.390000351006165147e-01
1.981466539195530230e-01 7.693255995149388127e-02 7.060000335332006216e-01
2.391215104235118738e-01 6.588952917342945359e-02 6.720000319182872772e-01
2.794115062939363514e-01 5.550191035762724184e-02 6.370000302558764815e-01
3.190255936236198187e-01 4.463796326728158154e-02 6.030000286409631371e-01
3.580698792894552729e-01 3.404373368221966928e-02 5.690000270260497928e-01
-4.109964957121666450e-03 1.799014116017045584e-01 8.590000408003106713e-01
3.641142878702681440e-02 1.687671105101712921e-01 8.230000390904024243e-01
7.702784409135667032e-02 1.583486886917113423e-01 7.890000374754890800e-01
1.177704494320241380e-01 1.479885502366512506e-01 7.580000360030680895e-01
1.582376050270860035e-01 1.373975965727061432e-01 7.240000343881547451e-01
1.992065874516163460e-01 1.273622297860116936e-01 6.910000328207388520e-01
2.394948309929666175e-01 1.164354036985428553e-01 6.550000311108306050e-01
2.791590347213823708e-01 1.056446188464725544e-01 6.210000294959172606e-01
3.194176716682284867e-01 9.489400928260864621e-02 5.880000279285013676e-01
3.589343680164504558e-01 8.411391642869346652e-02 5.550000263610854745e-01
-3.114973996012457454e-03 2.299414745622232470e-01 8.430000400403514504e-01
3.755482616783661215e-02 2.197840344594022277e-01 8.090000384254381061e-01
7.819412069767470164e-02 2.088545689467204147e-01 7.750000368105247617e-01
1.185181268602586296e-01 1.983409176769722060e-01 7.420000352431088686e-01
1.588214327711922613e-01 1.887456162936354265e-01 7.090000336756929755e-01
1.994459011288085559e-01 1.779561511541715990e-01 6.740000320132821798e-01
2.406611075992846349e-01 1.671432990890883430e-01 6.410000304458662868e-01
2.801400985497765617e-01 1.562891797620931389e-01 6.070000288309529424e-01
3.200091258208374589e-01 1.450321221377306735e-01 5.730000272160395980e-01
3.592349291590261062e-01 1.343208236272684097e-01 5.400000256486237049e-01
2.754002718339437425e-02 -9.552727138736359647e-03 9.500000451225787401e-01
6.747115520940617783e-02 -2.021356711984000770e-02 9.160000435076653957e-01
1.077339596565459884e-01 -3.116141516741496517e-02 8.860000420827418566e-01
1.475727174909574335e-01 -4.122649298306156618e-02 8.540000405628234148e-01
1.888415450183142941e-01 -5.231170197864151716e-02 8.230000390904024243e-01
2.303291232210312456e-01 -6.315403733377601692e-02 7.900000375229865313e-01
2.704053434560173552e-01 -7.417454542102575044e-02 7.530000357655808330e-01
3.106796598646526797e-01 -8.495768645715684464e-02 7.190000341506674886e-01
3.499564328911411448e-01 -9.501334526645598133e-02 6.840000324882566929e-01
3.902991965288789555e-01 -1.056814203064958962e-01 6.530000310158357024e-01
2.815393391672789750e-02 3.964824453807807431e-02 9.360000444576144218e-01
6.832953365961122461e-02 2.931085651273357059e-02 9.010000427952036262e-01
1.078079075178973029e-01 1.882382136892274752e-02 8.710000413702800870e-01
1.488141686953739495e-01 8.064020537612254930e-03 8.400000398978590965e-01
1.900361482847853778e-01 -1.951054226477527079e-03 8.090000384254381061e-01
2.307238068842815681e-01 -1.285408463132398441e-02 7.740000367630273104e-01
2.713805332049830654e-01 -2.360228250887580828e-02 7.400000351481139660e-01
3.114251583190292272e-01 -3.393703110900735120e-02 7.030000333907082677e-01
3.515530568343996909e-01 -4.478155041155305882e-02 6.700000318232923746e-01
3.910649685901221306e-01 -5.518295612852514020e-02 6.380000303033739328e-01
2.876850349220667902e-02 8.949216098859133495e-02 9.230000438401475549e-01
6.927857572228181271e-02 7.931092520314794725e-02 8.880000421777367592e-01
1.088761303006086228e-01 6.905561622382568043e-02 8.570000407053157687e-01
1.499335973637465624e-01 5.843995592165467795e-02 8.260000392328947783e-01
1.910782233812015618e-01 4.843361694720971222e-02 7.950000377604737878e-01
2.318231981431491118e-01 3.722133024477694563e-02 7.610000361455604434e-01
2.718231542931077716e-01 2.671514177286585592e-02 7.240000343881547451e-01
3.119791432712697987e-01 1.639522532681097697e-02 6.890000327257439494e-01
3.522458332714022977e-01 5.572773237278201910e-03 6.550000311108306050e-01
3.914226096977876379e-01 -4.896107110540338404e-03 6.220000295434147120e-01
2.932248844444721239e-02 1.397501632124287241e-01 9.090000431751832366e-01
7.009076907668670975e-02 1.295973187433309970e-01 8.740000415127724409e-01
1.097225243945950945e-01 1.184162438005589291e-01 8.420000399928539991e-01
1.507451278760061908e-01 1.087429568063226354e-01 8.110000385204330087e-01
1.917219729064008060e-01 9.862414454020064503e-02 7.800000370480120182e-01
2.326307973524766037e-01 8.769053887159732052e-02 7.450000353856012225e-01
2.735287269292627776e-01 7.736843847813124064e-02 7.100000337231904268e-01
3.132646005976285064e-01 6.608562896263608932e-02 6.740000320132821798e-01
3.525463944139780592e-01 5.576330083026912604e-02 6.400000303983688354e-01
3.925485752877340695e-01 4.500809563268192565e-02 6.080000288784503937e-01
3.082105856409912345e-02 1.903728846539372299e-01 8.950000425102189183e-01
7.084195116306964135e-02 1.791717454274613930e-01 8.600000408478081226e-01
1.107380251599324600e-01 1.699974904166852985e-01 8.290000393753871322e-01
1.516161535245751091e-01 1.590839490317857707e-01 7.970000378554686904e-01
1.925310882474409735e-01 1.489647280086608128e-01 7.630000362405553460e-01
2.328744689773847021e-01 1.381566993162017809e-01 7.280000345781445503e-01
2.733795204175987203e-01 1.275465456033575973e-01 6.920000328682363033e-01
3.134725553512423546e-01 1.171464595989919893e-01 6.590000313008204103e-01
3.537006866640775016e-01 1.058116441026308863e-01 6.260000297334045172e-01
3.932010407083650350e-01 9.505339072282775748e-02 5.930000281659886241e-01
3.133430585518429817e-02 2.415424571830515899e-01 8.820000418927520514e-01
7.161667531710606827e-02 2.310325373122219250e-01 8.470000402303412557e-01
1.122816908884555764e-01 2.202535364320123701e-01 8.140000386629253626e-01
1.530225439000488241e-01 2.107409973114004742e-01 7.820000371430069208e-01
1.936356907435917984e-01 1.999447525908021606e-01 7.480000355280935764e-01
2.342906647352190896e-01 1.890318944226052900e-01 7.130000338656827807e-01
2.744967701121134307e-01 1.782719125731927201e-01 6.780000322032719851e-01
3.150306206072035486e-01 1.677416539589595690e-01 6.460000306833535433e-01
3.538792252706093322e-01 1.559847001163321700e-01 6.110000290209427476e-01
6.093402084520917888e-02 8.538639870640482880e-04 9.880000469274818897e-01
1.017703220617675042e-01 -9.623115654495471502e-03 9.570000454550608993e-01
1.417016862851408487e-01 -2.041217203695634350e-02 9.250000439351424575e-01
1.829352235859871834e-01 -3.050063677822234878e-02 8.950000425102189183e-01
2.234058838391974888e-01 -4.166096422058797322e-02 8.630000409903004766e-01
2.651826027228735283e-01 -5.269307526159637545e-02 8.290000393753871322e-01
3.051193686309522368e-01 -6.331392097259570806e-02 7.920000376179814339e-01
3.443316257312702966e-01 -7.354711601810623445e-02 7.550000358605757356e-01
3.848763710956500939e-01 -8.385133607527972543e-02 7.230000343406572938e-01
4.243043923578423415e-01 -9.447659640190025909e-02 6.910000328207388520e-01
6.212905075646396602e-02 5.077794999588803454e-02 9.730000462150201201e-01
1.022277693221139983e-01 3.990239995178371246e-02 9.420000447425991297e-01
1.423781204182090199e-01 2.960363976313823420e-02 9.100000432226806879e-01
1.834955092624399320e-01 1.899671525061204930e-02 8.790000417502596974e-01
2.253315328350030955e-01 9.077506433714379458e-03 8.490000403253361583e-01
2.653789997650524701e-01 -1.960700971725870892e-03 8.130000386154279113e-01
3.057188758368477033e-01 -1.288729932029381367e-02 7.760000368580222130e-01
3.456783305230125558e-01 -2.285582797204566141e-02 7.420000352431088686e-01
3.859206251659242359e-01 -3.345246924341965800e-02 7.090000336756929755e-01
4.254046369062772226e-01 -4.444440499622166058e-02 6.760000321082770824e-01
6.240981068689620270e-02 1.005222691002906205e-01 9.610000456450507045e-01
1.026198473667226663e-01 8.987999267218220456e-02 9.270000440301373601e-01
1.434356845289922744e-01 8.020406625273295009e-02 8.980000426527112722e-01
1.847687917851579542e-01 6.986139937696249358e-02 8.670000411802902818e-01
2.258935708405300780e-01 5.900596033736077439e-02 8.340000396128743887e-01
2.669026280840705034e-01 4.867730810166108479e-02 7.990000379504635930e-01
3.064421579078612790e-01 3.805232223474022679e-02 7.610000361455604434e-01
3.461340254542848438e-01 2.678894050704504204e-02 7.260000344831496477e-01
3.862717293520159800e-01 1.649040805730044718e-02 6.930000329157337546e-01
4.260472969445475155e-01 5.623821541741819141e-03 6.610000313958153129e-01
6.356410293699564507e-02 1.507627997448383605e-01 9.470000449800863862e-01
1.040541377575657234e-01 1.403651254267848647e-01 9.130000433651730418e-01
1.439258163972076399e-01 1.299676321268334045e-01 8.830000419402495027e-01
1.852850713396684834e-01 1.207529740889500547e-01 8.520000404678285122e-01
2.271844756015336808e-01 1.098156370214281585e-01 8.190000389004126191e-01
2.671877002122791667e-01 9.887702696209858810e-02 7.820000371430069208e-01
3.077267619446526492e-01 8.804365513550978239e-02 7.480000355280935764e-01
3.472164115670726692e-01 7.758637774144991339e-02 7.120000338181853294e-01
3.873453995693721397e-01 6.657587843565268559e-02 6.790000322507694364e-01
4.269361810287635728e-01 5.628608177555290137e-02 6.460000306833535433e-01
6.472668443774308444e-02 2.017281731910050835e-01 9.340000443626195192e-01
1.046497594104684320e-01 1.916491274560865599e-01 9.010000427952036262e-01
1.454309234384333349e-01 1.810467985772836463e-01 8.690000412752851844e-01
1.861366766709381948e-01 1.712278703231993326e-01 8.350000396603718400e-01
2.274274843842964966e-01 1.607570337668704497e-01 8.010000380454584956e-01
2.675627731108081719e-01 1.495504346718665722e-01 7.660000363830476999e-01
3.079007064061070609e-01 1.387260263738234745e-01 7.310000347206369042e-01
3.474951829710691276e-01 1.277070190172822917e-01 6.970000331057235599e-01
3.874694638294557403e-01 1.173102089340335163e-01 6.640000315383076668e-01
6.568965363312864736e-02 2.526787144830951459e-01 9.190000436501577497e-01
1.056839719010203293e-01 2.423640301666674379e-01 8.850000420352444053e-01
1.464705833636300580e-01 2.317376778663412795e-01 8.530000405153259635e-01
1.870314348345827604e-01 2.216064451324546991e-01 8.190000389004126191e-01
2.277256303556527417e-01 2.104238694589740666e-01 7.840000372380018234e-01
2.681529015791266346e-01 2.002120584097738243e-01 7.490000355755910277e-01
3.086032882254703402e-01 1.890454068640754770e-01 7.160000340081751347e-01
3.487006811068298906e-01 1.780949661120863337e-01 6.830000324407592416e-01
3.879083898120098683e-01 1.671032580981852422e-01 6.490000308258458972e-01
