5.590000000000000000e+02 2.810000000000000000e+02
6.050000000000000000e+02 2.640000000000000000e+02
6.560000000000000000e+02 2.460000000000000000e+02
7.120000000000000000e+02 2.260000000000000000e+02
7.730000000000000000e+02 2.040000000000000000e+02
8.430000000000000000e+02 1.790000000000000000e+02
9.210000000000000000e+02 1.500000000000000000e+02
1.008000000000000000e+03 1.190000000000000000e+02
1.105000000000000000e+03 8.500000000000000000e+01
5.150000000000000000e+02 3.530000000000000000e+02
5.580000000000000000e+02 3.400000000000000000e+02
6.050000000000000000e+02 3.250000000000000000e+02
6.570000000000000000e+02 3.100000000000000000e+02
7.140000000000000000e+02 2.930000000000000000e+02
7.770000000000000000e+02 2.740000000000000000e+02
8.490000000000000000e+02 2.520000000000000000e+02
9.290000000000000000e+02 2.280000000000000000e+02
1.020000000000000000e+03 2.000000000000000000e+02
1.121000000000000000e+03 1.700000000000000000e+02
5.130000000000000000e+02 4.120000000000000000e+02
5.570000000000000000e+02 4.010000000000000000e+02
6.050000000000000000e+02 3.890000000000000000e+02
6.590000000000000000e+02 3.770000000000000000e+02
7.170000000000000000e+02 3.620000000000000000e+02
7.820000000000000000e+02 3.470000000000000000e+02
8.550000000000000000e+02 3.290000000000000000e+02
9.380000000000000000e+02 3.090000000000000000e+02
1.032000000000000000e+03 2.870000000000000000e+02
1.137000000000000000e+03 2.610000000000000000e+02
5.110000000000000000e+02 4.730000000000000000e+02
5.560000000000000000e+02 4.650000000000000000e+02
6.060000000000000000e+02 4.560000000000000000e+02
6.600000000000000000e+02 4.460000000000000000e+02
7.200000000000000000e+02 4.360000000000000000e+02
7.870000000000000000e+02 4.240000000000000000e+02
8.620000000000000000e+02 4.110000000000000000e+02
9.480000000000000000e+02 3.960000000000000000e+02
1.045000000000000000e+03 3.790000000000000000e+02
1.155000000000000000e+03 3.590000000000000000e+02
5.090000000000000000e+02 5.370000000000000000e+02
5.550000000000000000e+02 5.320000000000000000e+02
6.060000000000000000e+02 5.260000000000000000e+02
6.610000000000000000e+02 5.200000000000000000e+02
7.230000000000000000e+02 5.130000000000000000e+02
7.920000000000000000e+02 5.050000000000000000e+02
8.700000000000000000e+02 4.970000000000000000e+02
9.590000000000000000e+02 4.870000000000000000e+02
1.060000000000000000e+03 4.760000000000000000e+02
1.174000000000000000e+03 4.630000000000000000e+02
5.070000000000000000e+02 6.050000000000000000e+02
5.540000000000000000e+02 6.030000000000000000e+02
6.060000000000000000e+02 6.000000000000000000e+02
6.630000000000000000e+02 5.970000000000000000e+02
7.260000000000000000e+02 5.950000000000000000e+02
7.980000000000000000e+02 5.920000000000000000e+02
8.790000000000000000e+02 5.890000000000000000e+02
9.700000000000000000e+02 5.850000000000000000e+02
1.074000000000000000e+03 5.800000000000000000e+02
1.193000000000000000e+03 5.740000000000000000e+02
5.590000000000000000e+02 3.110000000000000000e+02
6.010000000000000000e+02 2.970000000000000000e+02
6.470000000000000000e+02 2.820000000000000000e+02
6.970000000000000000e+02 2.650000000000000000e+02
7.520000000000000000e+02 2.470000000000000000e+02
8.120000000000000000e+02 2.270000000000000000e+02
8.800000000000000000e+02 2.050000000000000000e+02
9.550000000000000000e+02 1.800000000000000000e+02
1.038000000000000000e+03 1.520000000000000000e+02
1.130000000000000000e+03 1.220000000000000000e+02
5.580000000000000000e+02 3.650000000000000000e+02
6.010000000000000000e+02 3.530000000000000000e+02
6.480000000000000000e+02 3.400000000000000000e+02
6.990000000000000000e+02 3.260000000000000000e+02
7.550000000000000000e+02 3.110000000000000000e+02
8.170000000000000000e+02 2.940000000000000000e+02
8.860000000000000000e+02 2.740000000000000000e+02
9.630000000000000000e+02 2.530000000000000000e+02
1.050000000000000000e+03 2.290000000000000000e+02
1.145000000000000000e+03 2.030000000000000000e+02
5.570000000000000000e+02 4.220000000000000000e+02
6.010000000000000000e+02 4.120000000000000000e+02
6.490000000000000000e+02 4.010000000000000000e+02
7.010000000000000000e+02 3.900000000000000000e+02
7.590000000000000000e+02 3.770000000000000000e+02
8.220000000000000000e+02 3.630000000000000000e+02
8.930000000000000000e+02 3.470000000000000000e+02
9.730000000000000000e+02 3.300000000000000000e+02
1.063000000000000000e+03 3.110000000000000000e+02
1.162000000000000000e+03 2.880000000000000000e+02
5.560000000000000000e+02 4.800000000000000000e+02
6.010000000000000000e+02 4.730000000000000000e+02
6.500000000000000000e+02 4.650000000000000000e+02
7.030000000000000000e+02 4.560000000000000000e+02
7.620000000000000000e+02 4.470000000000000000e+02
8.280000000000000000e+02 4.360000000000000000e+02
9.010000000000000000e+02 4.240000000000000000e+02
9.830000000000000000e+02 4.110000000000000000e+02
1.076000000000000000e+03 3.960000000000000000e+02
1.179000000000000000e+03 3.790000000000000000e+02
5.550000000000000000e+02 5.420000000000000000e+02
6.010000000000000000e+02 5.370000000000000000e+02
6.510000000000000000e+02 5.310000000000000000e+02
7.060000000000000000e+02 5.260000000000000000e+02
7.660000000000000000e+02 5.190000000000000000e+02
8.340000000000000000e+02 5.130000000000000000e+02
9.090000000000000000e+02 5.060000000000000000e+02
9.950000000000000000e+02 4.970000000000000000e+02
1.090000000000000000e+03 4.870000000000000000e+02
1.196000000000000000e+03 4.760000000000000000e+02
5.540000000000000000e+02 6.060000000000000000e+02
6.010000000000000000e+02 6.040000000000000000e+02
6.520000000000000000e+02 6.010000000000000000e+02
7.080000000000000000e+02 5.990000000000000000e+02
7.710000000000000000e+02 5.970000000000000000e+02
8.400000000000000000e+02 5.940000000000000000e+02
9.180000000000000000e+02 5.920000000000000000e+02
1.006000000000000000e+03 5.880000000000000000e+02
1.104000000000000000e+03 5.830000000000000000e+02
1.215000000000000000e+03 5.780000000000000000e+02
5.980000000000000000e+02 3.240000000000000000e+02
6.390000000000000000e+02 3.110000000000000000e+02
6.850000000000000000e+02 2.980000000000000000e+02
7.340000000000000000e+02 2.830000000000000000e+02
7.880000000000000000e+02 2.660000000000000000e+02
8.470000000000000000e+02 2.480000000000000000e+02
9.130000000000000000e+02 2.280000000000000000e+02
9.850000000000000000e+02 2.060000000000000000e+02
1.065000000000000000e+03 1.820000000000000000e+02
1.152000000000000000e+03 1.550000000000000000e+02
5.980000000000000000e+02 3.760000000000000000e+02
6.400000000000000000e+02 3.650000000000000000e+02
6.860000000000000000e+02 3.540000000000000000e+02
7.370000000000000000e+02 3.410000000000000000e+02
7.920000000000000000e+02 3.270000000000000000e+02
8.520000000000000000e+02 3.110000000000000000e+02
9.190000000000000000e+02 2.940000000000000000e+02
9.940000000000000000e+02 2.750000000000000000e+02
1.077000000000000000e+03 2.540000000000000000e+02
1.167000000000000000e+03 2.310000000000000000e+02
5.970000000000000000e+02 4.310000000000000000e+02
6.410000000000000000e+02 4.220000000000000000e+02
6.880000000000000000e+02 4.120000000000000000e+02
7.400000000000000000e+02 4.020000000000000000e+02
7.960000000000000000e+02 3.900000000000000000e+02
8.580000000000000000e+02 3.770000000000000000e+02
9.270000000000000000e+02 3.640000000000000000e+02
1.004000000000000000e+03 3.480000000000000000e+02
1.089000000000000000e+03 3.310000000000000000e+02
1.183000000000000000e+03 3.120000000000000000e+02
5.970000000000000000e+02 4.870000000000000000e+02
6.420000000000000000e+02 4.800000000000000000e+02
6.900000000000000000e+02 4.730000000000000000e+02
7.430000000000000000e+02 4.650000000000000000e+02
8.000000000000000000e+02 4.560000000000000000e+02
8.640000000000000000e+02 4.470000000000000000e+02
9.350000000000000000e+02 4.360000000000000000e+02
1.015000000000000000e+03 4.250000000000000000e+02
1.102000000000000000e+03 4.110000000000000000e+02
1.199000000000000000e+03 3.960000000000000000e+02
5.970000000000000000e+02 5.450000000000000000e+02
6.430000000000000000e+02 5.410000000000000000e+02
6.920000000000000000e+02 5.360000000000000000e+02
7.460000000000000000e+02 5.310000000000000000e+02
8.050000000000000000e+02 5.260000000000000000e+02
8.710000000000000000e+02 5.200000000000000000e+02
9.440000000000000000e+02 5.130000000000000000e+02
1.025000000000000000e+03 5.060000000000000000e+02
1.115000000000000000e+03 4.970000000000000000e+02
1.216000000000000000e+03 4.870000000000000000e+02
5.970000000000000000e+02 6.070000000000000000e+02
6.430000000000000000e+02 6.050000000000000000e+02
6.940000000000000000e+02 6.030000000000000000e+02
7.490000000000000000e+02 6.010000000000000000e+02
8.100000000000000000e+02 5.990000000000000000e+02
8.780000000000000000e+02 5.970000000000000000e+02
9.530000000000000000e+02 5.940000000000000000e+02
1.037000000000000000e+03 5.910000000000000000e+02
1.129000000000000000e+03 5.860000000000000000e+02
1.234000000000000000e+03 5.820000000000000000e+02
6.330000000000000000e+02 3.370000000000000000e+02
6.750000000000000000e+02 3.250000000000000000e+02
7.190000000000000000e+02 3.120000000000000000e+02
7.680000000000000000e+02 2.980000000000000000e+02
8.200000000000000000e+02 2.830000000000000000e+02
8.780000000000000000e+02 2.670000000000000000e+02
9.420000000000000000e+02 2.490000000000000000e+02
1.012000000000000000e+03 2.290000000000000000e+02
1.088000000000000000e+03 2.070000000000000000e+02
1.171000000000000000e+03 1.840000000000000000e+02
6.340000000000000000e+02 3.870000000000000000e+02
6.760000000000000000e+02 3.770000000000000000e+02
7.210000000000000000e+02 3.660000000000000000e+02
7.710000000000000000e+02 3.540000000000000000e+02
8.250000000000000000e+02 3.410000000000000000e+02
8.840000000000000000e+02 3.270000000000000000e+02
9.490000000000000000e+02 3.120000000000000000e+02
1.021000000000000000e+03 2.950000000000000000e+02
1.100000000000000000e+03 2.760000000000000000e+02
1.186000000000000000e+03 2.560000000000000000e+02
6.340000000000000000e+02 4.390000000000000000e+02
6.770000000000000000e+02 4.310000000000000000e+02
7.240000000000000000e+02 4.220000000000000000e+02
7.740000000000000000e+02 4.120000000000000000e+02
8.290000000000000000e+02 4.020000000000000000e+02
8.900000000000000000e+02 3.910000000000000000e+02
9.570000000000000000e+02 3.780000000000000000e+02
1.031000000000000000e+03 3.640000000000000000e+02
1.112000000000000000e+03 3.490000000000000000e+02
1.201000000000000000e+03 3.320000000000000000e+02
6.350000000000000000e+02 4.930000000000000000e+02
6.790000000000000000e+02 4.870000000000000000e+02
7.260000000000000000e+02 4.800000000000000000e+02
7.780000000000000000e+02 4.730000000000000000e+02
8.340000000000000000e+02 4.650000000000000000e+02
8.970000000000000000e+02 4.570000000000000000e+02
9.660000000000000000e+02 4.470000000000000000e+02
1.042000000000000000e+03 4.370000000000000000e+02
1.125000000000000000e+03 4.250000000000000000e+02
1.217000000000000000e+03 4.120000000000000000e+02
6.350000000000000000e+02 5.490000000000000000e+02
6.800000000000000000e+02 5.450000000000000000e+02
7.290000000000000000e+02 5.410000000000000000e+02
7.820000000000000000e+02 5.360000000000000000e+02
8.400000000000000000e+02 5.310000000000000000e+02
9.040000000000000000e+02 5.260000000000000000e+02
9.750000000000000000e+02 5.200000000000000000e+02
1.052000000000000000e+03 5.130000000000000000e+02
1.138000000000000000e+03 5.050000000000000000e+02
1.233000000000000000e+03 4.960000000000000000e+02
6.360000000000000000e+02 6.070000000000000000e+02
6.820000000000000000e+02 6.060000000000000000e+02
7.320000000000000000e+02 6.040000000000000000e+02
7.860000000000000000e+02 6.020000000000000000e+02
8.450000000000000000e+02 6.010000000000000000e+02
9.110000000000000000e+02 5.990000000000000000e+02
9.840000000000000000e+02 5.960000000000000000e+02
1.063000000000000000e+03 5.930000000000000000e+02
1.152000000000000000e+03 5.890000000000000000e+02
1.250000000000000000e+03 5.850000000000000000e+02
6.660000000000000000e+02 3.480000000000000000e+02
7.070000000000000000e+02 3.370000000000000000e+02
7.510000000000000000e+02 3.250000000000000000e+02
7.980000000000000000e+02 3.130000000000000000e+02
8.500000000000000000e+02 2.990000000000000000e+02
9.070000000000000000e+02 2.840000000000000000e+02
9.690000000000000000e+02 2.670000000000000000e+02
1.036000000000000000e+03 2.490000000000000000e+02
1.109000000000000000e+03 2.300000000000000000e+02
1.188000000000000000e+03 2.090000000000000000e+02
6.670000000000000000e+02 3.960000000000000000e+02
7.090000000000000000e+02 3.870000000000000000e+02
7.530000000000000000e+02 3.770000000000000000e+02
8.020000000000000000e+02 3.660000000000000000e+02
8.550000000000000000e+02 3.550000000000000000e+02
9.130000000000000000e+02 3.420000000000000000e+02
9.760000000000000000e+02 3.280000000000000000e+02
1.046000000000000000e+03 3.130000000000000000e+02
1.121000000000000000e+03 2.960000000000000000e+02
1.202000000000000000e+03 2.780000000000000000e+02
6.680000000000000000e+02 4.460000000000000000e+02
7.110000000000000000e+02 4.390000000000000000e+02
7.560000000000000000e+02 4.310000000000000000e+02
8.060000000000000000e+02 4.220000000000000000e+02
8.600000000000000000e+02 4.130000000000000000e+02
9.190000000000000000e+02 4.020000000000000000e+02
9.840000000000000000e+02 3.910000000000000000e+02
1.055000000000000000e+03 3.790000000000000000e+02
1.133000000000000000e+03 3.650000000000000000e+02
1.217000000000000000e+03 3.500000000000000000e+02
6.690000000000000000e+02 4.980000000000000000e+02
7.130000000000000000e+02 4.930000000000000000e+02
7.590000000000000000e+02 4.860000000000000000e+02
8.100000000000000000e+02 4.800000000000000000e+02
8.650000000000000000e+02 4.730000000000000000e+02
9.260000000000000000e+02 4.650000000000000000e+02
9.930000000000000000e+02 4.570000000000000000e+02
1.066000000000000000e+03 4.470000000000000000e+02
1.145000000000000000e+03 4.370000000000000000e+02
1.232000000000000000e+03 4.250000000000000000e+02
6.710000000000000000e+02 5.520000000000000000e+02
7.150000000000000000e+02 5.480000000000000000e+02
7.620000000000000000e+02 5.450000000000000000e+02
8.140000000000000000e+02 5.400000000000000000e+02
8.710000000000000000e+02 5.360000000000000000e+02
9.330000000000000000e+02 5.310000000000000000e+02
1.002000000000000000e+03 5.260000000000000000e+02
1.076000000000000000e+03 5.200000000000000000e+02
1.158000000000000000e+03 5.120000000000000000e+02
1.248000000000000000e+03 5.040000000000000000e+02
6.720000000000000000e+02 6.080000000000000000e+02
7.170000000000000000e+02 6.070000000000000000e+02
7.660000000000000000e+02 6.050000000000000000e+02
8.190000000000000000e+02 6.040000000000000000e+02
8.770000000000000000e+02 6.020000000000000000e+02
9.410000000000000000e+02 6.000000000000000000e+02
1.011000000000000000e+03 5.980000000000000000e+02
1.087000000000000000e+03 5.950000000000000000e+02
1.171000000000000000e+03 5.910000000000000000e+02
6.960000000000000000e+02 3.580000000000000000e+02
7.370000000000000000e+02 3.480000000000000000e+02
7.800000000000000000e+02 3.370000000000000000e+02
8.270000000000000000e+02 3.260000000000000000e+02
8.770000000000000000e+02 3.130000000000000000e+02
9.330000000000000000e+02 2.990000000000000000e+02
9.930000000000000000e+02 2.840000000000000000e+02
1.058000000000000000e+03 2.680000000000000000e+02
1.128000000000000000e+03 2.510000000000000000e+02
1.203000000000000000e+03 2.320000000000000000e+02
6.980000000000000000e+02 4.050000000000000000e+02
7.390000000000000000e+02 3.960000000000000000e+02
7.830000000000000000e+02 3.870000000000000000e+02
8.310000000000000000e+02 3.770000000000000000e+02
8.830000000000000000e+02 3.670000000000000000e+02
9.390000000000000000e+02 3.550000000000000000e+02
1.001000000000000000e+03 3.420000000000000000e+02
1.067000000000000000e+03 3.290000000000000000e+02
1.139000000000000000e+03 3.140000000000000000e+02
1.217000000000000000e+03 2.970000000000000000e+02
6.990000000000000000e+02 4.530000000000000000e+02
7.410000000000000000e+02 4.460000000000000000e+02
7.860000000000000000e+02 4.390000000000000000e+02
8.350000000000000000e+02 4.310000000000000000e+02
8.880000000000000000e+02 4.220000000000000000e+02
9.460000000000000000e+02 4.130000000000000000e+02
1.009000000000000000e+03 4.030000000000000000e+02
1.077000000000000000e+03 3.910000000000000000e+02
1.151000000000000000e+03 3.790000000000000000e+02
1.231000000000000000e+03 3.650000000000000000e+02
7.010000000000000000e+02 5.030000000000000000e+02
7.440000000000000000e+02 4.980000000000000000e+02
7.890000000000000000e+02 4.920000000000000000e+02
8.390000000000000000e+02 4.870000000000000000e+02
8.940000000000000000e+02 4.800000000000000000e+02
9.530000000000000000e+02 4.730000000000000000e+02
1.017000000000000000e+03 4.650000000000000000e+02
1.087000000000000000e+03 4.570000000000000000e+02
1.163000000000000000e+03 4.470000000000000000e+02
1.246000000000000000e+03 4.370000000000000000e+02
7.030000000000000000e+02 5.550000000000000000e+02
7.460000000000000000e+02 5.520000000000000000e+02
7.930000000000000000e+02 5.480000000000000000e+02
8.440000000000000000e+02 5.450000000000000000e+02
9.000000000000000000e+02 5.410000000000000000e+02
9.600000000000000000e+02 5.360000000000000000e+02
1.026000000000000000e+03 5.310000000000000000e+02
1.097000000000000000e+03 5.250000000000000000e+02
1.175000000000000000e+03 5.190000000000000000e+02
7.050000000000000000e+02 6.090000000000000000e+02
7.490000000000000000e+02 6.080000000000000000e+02
7.970000000000000000e+02 6.060000000000000000e+02
8.490000000000000000e+02 6.050000000000000000e+02
9.060000000000000000e+02 6.030000000000000000e+02
9.680000000000000000e+02 6.020000000000000000e+02
1.035000000000000000e+03 5.990000000000000000e+02
1.108000000000000000e+03 5.960000000000000000e+02
1.188000000000000000e+03 5.930000000000000000e+02
